190
171
171
122
129
184
158
195
129
106
164
149
140
169
120
160
189
199
166
187
106
146
179
113
132
109
148
199
189
142
146
177
139
138
160
108
160
125
196
127
159
161
146
137
132
133
160
106
136
114
169
153
122
136
199
176
171
106
135
154
149
110
150
111
135
191
119
153
166
188
142
114
186
138
116
142
128
192
161
155
129
183
172
146
117
199
149
121
105
172
122
150
193
127
163
183
163
171
102
189
180
196
148
193
112
190
129
170
151
137
146
177
174
115
198
103
102
152
104
134
195
141
187
155
138
124
188
198
168
184
111
179
133
167
115
157
145
154
132
177
128
133
130
105
191
167
165
194
143
192
130
131
117
164
141
151
130
177
128
114
181
194
121
168
143
148
194
150
176
107
105
178
179
101
113
190
155
127
191
170
180
169
135
133
176
165
131
160
162
128
195
153
123
165
130
161
131
138
139
194
117
124
